LexicalReordering0= 0.108577
LexicalReordering0= 0.0497964
LexicalReordering0= 0.0502941
LexicalReordering0= 0.0767067
LexicalReordering0= 0.0115456
LexicalReordering0= 0.0929686
Distortion0= 0.0390079
LM0= 0.0931848
WordPenalty0= -0.196311
PhrasePenalty0= 0.110724
TranslationModel0= 0.00866046
TranslationModel0= 0.0547893
TranslationModel0= 0.0655363
TranslationModel0= 0.0418979
