LexicalReordering0= 0.0219716
LexicalReordering0= 0.031771
LexicalReordering0= 0.0871352
LexicalReordering0= 0.036298
LexicalReordering0= 0.000276059
LexicalReordering0= 0.104261
Distortion0= 0.00706354
LM0= 0.161102
WordPenalty0= -0.236127
PhrasePenalty0= 0.0822649
TranslationModel0= 0.0197543
TranslationModel0= 0.0827248
TranslationModel0= 0.0835808
TranslationModel0= 0.0456699
