LexicalReordering0= 0.0381483
LexicalReordering0= 0.0522624
LexicalReordering0= 0.0440938
LexicalReordering0= 0.0448713
LexicalReordering0= 0.028493
LexicalReordering0= 0.186567
Distortion0= 0.0304155
LM0= 0.163009
WordPenalty0= -0.0782379
PhrasePenalty0= 0.0428252
TranslationModel0= 0.0368688
TranslationModel0= 0.196687
TranslationModel0= 0.0539624
TranslationModel0= 0.00355926
