LexicalReordering0= 0.0325245
LexicalReordering0= 0.0558851
LexicalReordering0= 0.0198225
LexicalReordering0= 0.190945
LexicalReordering0= 0.0400438
LexicalReordering0= 0.048504
Distortion0= 0.0531258
LM0= 0.0710389
WordPenalty0= -0.150582
PhrasePenalty0= 0.206052
TranslationModel0= 0.00964511
TranslationModel0= 0.0287178
TranslationModel0= 0.0556932
TranslationModel0= 0.037421
