LexicalReordering0= 0.0696352
LexicalReordering0= 0.0197603
LexicalReordering0= 0.037417
LexicalReordering0= 0.106852
LexicalReordering0= 0.0475622
LexicalReordering0= 0.0957362
Distortion0= 0.0502015
LM0= 0.118282
WordPenalty0= -0.111993
PhrasePenalty0= 0.144985
TranslationModel0= 0.0551909
TranslationModel0= 0.070064
TranslationModel0= 0.0466807
TranslationModel0= 0.0256401
