LexicalReordering0= 0.0586809
LexicalReordering0= 0.00511689
LexicalReordering0= 0.0583375
LexicalReordering0= 0.202827
LexicalReordering0= 0.0478008
LexicalReordering0= 0.0930067
Distortion0= 0.0431061
LM0= 0.0732717
WordPenalty0= -0.147929
PhrasePenalty0= 0.178493
TranslationModel0= 0.00682742
TranslationModel0= 0.0009087
TranslationModel0= 0.0486554
TranslationModel0= 0.0350387
