LexicalReordering0= 0.116073
LexicalReordering0= 0.0192251
LexicalReordering0= 0.101599
LexicalReordering0= 0.105796
LexicalReordering0= 0.0456662
LexicalReordering0= 0.0735487
Distortion0= 0.0570545
LM0= 0.125952
WordPenalty0= -0.151543
PhrasePenalty0= 0.0335719
TranslationModel0= 0.0153195
TranslationModel0= 0.0874086
TranslationModel0= 0.0427868
TranslationModel0= 0.0244564
