LexicalReordering0= 0.0789104
LexicalReordering0= -0.0499427
LexicalReordering0= 0.159975
LexicalReordering0= -0.0218092
LexicalReordering0= 0.142101
LexicalReordering0= 0.0271339
Distortion0= 0.00477675
LM0= 0.105229
WordPenalty0= -0.175729
PhrasePenalty0= 0.0438313
TranslationModel0= 0.0086298
TranslationModel0= 0.0817678
TranslationModel0= 0.0693621
TranslationModel0= 0.0308022
