LexicalReordering0= -0.0110622
LexicalReordering0= -0.0158641
LexicalReordering0= 0.28026
LexicalReordering0= 0.127835
LexicalReordering0= 0.0777054
LexicalReordering0= 0.0423586
Distortion0= 0.020366
LM0= 0.142079
WordPenalty0= -0.115248
PhrasePenalty0= 0.0104212
TranslationModel0= 0.0343933
TranslationModel0= 0.0876523
TranslationModel0= 0.0186975
TranslationModel0= 0.0160577
