LexicalReordering0= 0.0121741
LexicalReordering0= 0.0790289
LexicalReordering0= 0.060861
LexicalReordering0= 0.269509
LexicalReordering0= 0.0555874
LexicalReordering0= 0.0211559
Distortion0= 0.0574992
LM0= 0.078933
WordPenalty0= -0.122038
PhrasePenalty0= 0.117108
TranslationModel0= 0.00677405
TranslationModel0= 0.0507648
TranslationModel0= 0.0420413
TranslationModel0= 0.0265257
