LexicalReordering0= 0.0199548
LexicalReordering0= 0.125198
LexicalReordering0= 0.0828952
LexicalReordering0= 0.248847
LexicalReordering0= 0.0268155
LexicalReordering0= 0.0236795
Distortion0= 0.0546932
LM0= 0.075081
WordPenalty0= -0.116082
PhrasePenalty0= 0.112183
TranslationModel0= 0.00644347
TranslationModel0= 0.0429067
TranslationModel0= 0.0399896
TranslationModel0= 0.0252312
