LexicalReordering0= 0.115045
LexicalReordering0= 0.0319995
LexicalReordering0= 0.0510994
LexicalReordering0= 0.0779349
LexicalReordering0= 0.0110092
LexicalReordering0= 0.0944571
Distortion0= 0.0393791
LM0= 0.0946769
WordPenalty0= -0.198282
PhrasePenalty0= 0.112497
TranslationModel0= 0.00879912
TranslationModel0= 0.0556665
TranslationModel0= 0.0665857
TranslationModel0= 0.0425688
