LexicalReordering0= 0.0199157
LexicalReordering0= 0.126913
LexicalReordering0= 0.0827327
LexicalReordering0= 0.248359
LexicalReordering0= 0.0267629
LexicalReordering0= 0.0236331
Distortion0= 0.054586
LM0= 0.0749338
WordPenalty0= -0.115854
PhrasePenalty0= 0.111963
TranslationModel0= 0.00643084
TranslationModel0= 0.0428226
TranslationModel0= 0.0399112
TranslationModel0= 0.0251817
